2
---
500.0 -1.0
500.0 -1.0
---
10
---
29.1
37.7
46.2
25.4
36.4
11.9
26.1
46.9
46.6
29.3
---
-1.0 14.3 29.3 2.1 12.6 18.3 15.9 9.0 13.8 7.7 21.9 
14.3 -1.0 4.2 12.4 4.6 50.0 1.3 23.4 38.2 36.5 8.8 
29.3 4.2 -1.0 27.7 7.1 79.7 3.9 45.4 64.8 60.8 6.6 
2.1 12.4 27.7 -1.0 12.7 15.8 14.1 6.7 11.4 9.6 24.4 
12.6 4.6 7.1 12.7 -1.0 55.2 3.3 32.0 45.1 37.1 3.0 
18.3 50.0 79.7 15.8 55.2 -1.0 55.1 6.8 1.9 6.5 76.8 
15.9 1.3 3.9 14.1 3.3 55.1 -1.0 28.6 42.5 40.3 6.4 
9.0 23.4 45.4 6.7 32.0 6.8 28.6 -1.0 2.9 7.3 48.3 
13.8 38.2 64.8 11.4 45.1 1.9 42.5 2.9 -1.0 6.0 64.6 
7.7 36.5 60.8 9.6 37.1 6.5 40.3 7.3 6.0 -1.0 52.1 
21.9 8.8 6.6 24.4 3.0 76.8 6.4 48.3 64.6 52.1 -1.0 
---
1.0 1.0 1.0 1.0 1.0 1.0 1.0 1.0 1.0 1.0 1.0 
1.0 1.0 1.0 1.0 1.0 1.0 1.0 1.0 1.0 1.0 1.0 
1.0 1.0 1.0 1.0 1.0 1.0 1.0 1.0 1.0 1.0 1.0 
1.0 1.0 1.0 1.0 1.0 1.0 1.0 1.0 1.0 1.0 1.0 
1.0 1.0 1.0 1.0 1.0 1.0 1.0 1.0 1.0 1.0 1.0 
1.0 1.0 1.0 1.0 1.0 1.0 1.0 1.0 1.0 1.0 1.0 
1.0 1.0 1.0 1.0 1.0 1.0 1.0 1.0 1.0 1.0 1.0 
1.0 1.0 1.0 1.0 1.0 1.0 1.0 1.0 1.0 1.0 1.0 
1.0 1.0 1.0 1.0 1.0 1.0 1.0 1.0 1.0 1.0 1.0 
1.0 1.0 1.0 1.0 1.0 1.0 1.0 1.0 1.0 1.0 1.0 
1.0 1.0 1.0 1.0 1.0 1.0 1.0 1.0 1.0 1.0 1.0 
