5
33.1 52.8
93.9 77.5
36.6 77.8
85.5 88.3
95.8 82.5
10
-1.0 19.4 20.8 2.8 23.8 6.0 13.3 22.1 28.2 8.4 3.0 
19.4 -1.0 71.3 10.9 68.2 17.2 38.0 68.9 76.0 31.9 11.7 
20.8 71.3 -1.0 31.2 3.1 21.3 12.5 1.8 3.3 10.6 29.1 
2.8 10.9 31.2 -1.0 32.9 6.4 17.6 31.1 38.3 11.9 0.8 
23.8 68.2 3.1 32.9 -1.0 18.2 9.4 1.3 0.3 7.5 29.4 
6.0 17.2 21.3 6.4 18.2 -1.0 5.9 19.2 22.1 3.1 5.0 
13.3 38.0 12.5 17.6 9.4 5.9 -1.0 10.5 11.7 3.7 15.3 
22.1 68.9 1.8 31.1 1.3 19.2 10.5 -1.0 1.6 8.6 27.6 
28.2 76.0 3.3 38.3 0.3 22.1 11.7 1.6 -1.0 10.1 34.5 
8.4 31.9 10.6 11.9 7.5 3.1 3.7 8.6 10.1 -1.0 9.8 
3.0 11.7 29.1 0.8 29.4 5.0 15.3 27.6 34.5 9.8 -1.0 
