10
---
80.9 54.3
98.4 50.2
72.2 57.6
27.6 68.1
34.2 70.7
13.7 51.2
93.0 -1.0
88.4 77.6
94.6 65.5
59.2 62.6
---
10
---
41.2
42.1
37.1
10.7
36.0
13.1
38.7
29.2
21.3
45.6
---
-1.0 3.9 29.2 3.5 17.3 28.6 2.7 6.0 6.3 8.6 5.0 
3.9 -1.0 13.9 1.5 5.7 14.0 6.2 10.9 18.5 3.2 4.5 
29.2 13.9 -1.0 14.5 3.7 1.1 30.5 43.1 60.8 9.3 25.5 
3.5 1.5 14.5 -1.0 7.5 13.0 4.4 12.1 16.4 1.8 5.9 
17.3 5.7 3.7 7.5 -1.0 4.4 19.0 25.9 42.1 5.0 12.7 
28.6 14.0 1.1 13.0 4.4 -1.0 28.0 42.6 57.9 7.5 25.3 
2.7 6.2 30.5 4.4 19.0 28.0 -1.0 8.9 8.0 7.4 7.5 
6.0 10.9 43.1 12.1 25.9 42.6 8.9 -1.0 8.7 18.6 3.4 
6.3 18.5 60.8 16.4 42.1 57.9 8.0 8.7 -1.0 25.7 14.9 
8.6 3.2 9.3 1.8 5.0 7.5 7.4 18.6 25.7 -1.0 9.4 
5.0 4.5 25.5 5.9 12.7 25.3 7.5 3.4 14.9 9.4 -1.0 
---
1.0 1.0 1.0 1.0 1.0 1.0 1.0 1.0 1.0 1.0 1.0 
1.0 1.0 1.0 1.0 1.0 1.0 1.0 1.0 1.0 1.0 1.0 
1.0 1.0 1.0 1.0 1.0 1.0 1.0 1.0 1.0 1.0 1.0 
1.0 1.0 1.0 1.0 1.0 1.0 1.0 1.0 1.0 1.0 1.0 
1.0 1.0 1.0 1.0 1.0 1.0 1.0 1.0 1.0 1.0 1.0 
1.0 1.0 1.0 1.0 1.0 1.0 1.0 1.0 1.0 1.0 1.0 
1.0 1.0 1.0 1.0 1.0 1.0 1.0 1.0 1.0 1.0 1.0 
1.0 1.0 1.0 1.0 1.0 1.0 1.0 1.0 1.0 1.0 1.0 
1.0 1.0 1.0 1.0 1.0 1.0 1.0 1.0 1.0 1.0 1.0 
1.0 1.0 1.0 1.0 1.0 1.0 1.0 1.0 1.0 1.0 1.0 
1.0 1.0 1.0 1.0 1.0 1.0 1.0 1.0 1.0 1.0 1.0 
