10
---
72.0 93.6
73.6 91.0
94.1 64.4
24.0 83.7
18.0 53.3
92.4 -1.0
20.9 80.1
34.0 79.5
68.1 -1.0
73.8 -1.0
---
10
---
32.3
45.0
41.6
12.1
10.1
47.3
10.9
43.9
18.0
35.2
---
-1.0 80.9 10.3 6.3 3.4 9.6 5.4 9.9 3.7 57.5 56.7 
80.9 -1.0 34.7 44.1 60.3 35.5 71.1 39.7 61.9 3.9 3.0 
10.3 34.7 -1.0 0.8 5.3 0.6 10.4 2.4 6.1 20.9 20.1 
6.3 44.1 0.8 -1.0 3.4 1.4 7.0 2.9 3.3 28.6 27.1 
3.4 60.3 5.3 3.4 -1.0 4.7 7.1 2.4 4.2 40.1 40.3 
9.6 35.5 0.6 1.4 4.7 -1.0 11.0 1.8 6.7 20.3 20.8 
5.4 71.1 10.4 7.0 7.1 11.0 -1.0 11.7 2.6 53.4 47.5 
9.9 39.7 2.4 2.9 2.4 1.8 11.7 -1.0 7.6 23.5 24.4 
3.7 61.9 6.1 3.3 4.2 6.7 2.6 7.6 -1.0 45.3 39.9 
57.5 3.9 20.9 28.6 40.1 20.3 53.4 23.5 45.3 -1.0 2.9 
56.7 3.0 20.1 27.1 40.3 20.8 47.5 24.4 39.9 2.9 -1.0 
---
1.0 1.0 1.0 1.0 1.0 1.0 1.0 1.0 1.0 1.0 1.0 
1.0 1.0 1.0 1.0 1.0 1.0 1.0 1.0 1.0 1.0 1.0 
1.0 1.0 1.0 1.0 1.0 1.0 1.0 1.0 1.0 1.0 1.0 
1.0 1.0 1.0 1.0 1.0 1.0 1.0 1.0 1.0 1.0 1.0 
1.0 1.0 1.0 1.0 1.0 1.0 1.0 1.0 1.0 1.0 1.0 
1.0 1.0 1.0 1.0 1.0 1.0 1.0 1.0 1.0 1.0 1.0 
1.0 1.0 1.0 1.0 1.0 1.0 1.0 1.0 1.0 1.0 1.0 
1.0 1.0 1.0 1.0 1.0 1.0 1.0 1.0 1.0 1.0 1.0 
1.0 1.0 1.0 1.0 1.0 1.0 1.0 1.0 1.0 1.0 1.0 
1.0 1.0 1.0 1.0 1.0 1.0 1.0 1.0 1.0 1.0 1.0 
1.0 1.0 1.0 1.0 1.0 1.0 1.0 1.0 1.0 1.0 1.0 
